#Pose estimation of object wrt camera. X forward, Y left, Z up
#time in seconds since epoch,position(x), position(y), position(z), q_x, q_y, q_z, q_w 

1407270143.4543914795,0.00108306,0.00798799,0.365943,0.0299959,-0.0601531,-0.997685,0.0103123
1407270143.4869239330,0.00125817,0.00765897,0.366088,0.0290852,-0.0583267,-0.99782,0.0103137
1407270143.5362279415,0.00130892,0.00754667,0.366203,0.0287816,-0.0577179,-0.997865,0.0103141
1407270143.5748708248,0.00140468,0.00737885,0.366217,0.0283262,-0.0568046,-0.99793,0.0103148
1407270143.6139159203,0.00133937,0.00749945,0.366227,0.0286298,-0.0574135,-0.997887,0.0103144
1407270143.6645030975,0.00120839,0.00772444,0.366201,0.029237,-0.0586311,-0.997798,0.0103135
1407270143.7148466110,0.00114359,0.00784233,0.366153,0.0295608,-0.0592299,-0.997757,0.00997287
1407270143.7674355507,0.00123712,0.00765921,0.366135,0.0291647,-0.058287,-0.99782,0.0103137
1407270143.8063783646,0.00130884,0.00751445,0.366212,0.0287841,-0.0575265,-0.997876,0.0103143
1407270143.8318648338,0.0012677,0.00760331,0.366184,0.0290125,-0.0579828,-0.997843,0.0103139
1407270143.8603394032,0.00117284,0.00777581,0.366166,0.0294691,-0.0588954,-0.997776,0.0103132
1407270143.8970351219,0.00133525,0.00747936,0.366159,0.028708,-0.0573744,-0.997887,0.0103144
1407270143.9159655571,0.00128484,0.00757365,0.36619,0.0289364,-0.0578307,-0.997854,0.010314
1407270143.9482889175,0.00101263,0.0080297,0.366118,0.0301745,-0.0602539,-0.997677,0.00997207
1407270144.0027089119,0.00111002,0.00786344,0.366108,0.0297379,-0.0593314,-0.997742,0.0103129
1407270144.0354709625,0.00111472,0.00785584,0.366102,0.0297581,-0.0593213,-0.997742,0.0103129
1407270144.0819275379,0.00130275,0.00752578,0.366185,0.028843,-0.057497,-0.997876,0.0103143
1407270144.1216049194,0.00139135,0.00736002,0.366293,0.0283854,-0.0565848,-0.997941,0.0103149
1407270144.1594192982,0.00125436,0.00758678,0.366301,0.0289955,-0.0578011,-0.997854,0.010314
1407270144.2054281235,0.00118726,0.00770036,0.366235,0.0293005,-0.0584092,-0.997809,0.0103136
1407270144.2294354439,0.00119559,0.00768989,0.366275,0.0293105,-0.0584042,-0.997811,0.0101435
1407270144.2679891586,0.000988454,0.00806824,0.366204,0.0302259,-0.0602282,-0.997675,0.0101421
1407270144.3340725899,0.00116386,0.00776537,0.366148,0.0294631,-0.0587082,-0.997789,0.0101433
1407270144.3823843002,0.0012265,0.00765314,0.36614,0.0291579,-0.0581002,-0.997833,0.0101437
1407270144.4269671440,0.00113603,0.00782737,0.366134,0.0296156,-0.0590122,-0.997766,0.010143
1407270144.4681861401,0.00132812,0.00747119,0.366234,0.0287002,-0.0571881,-0.997899,0.0101444
1407270144.5090160370,0.00123598,0.00765768,0.366235,0.0291579,-0.0581002,-0.997833,0.0101437
1407270144.5874972343,0.00121881,0.00768622,0.366181,0.0292342,-0.0582522,-0.997822,0.0101436
1407270144.6214892864,0.00123411,0.00768687,0.366127,0.0292342,-0.0582522,-0.997822,0.0101436
1407270144.6652266979,0.00128661,0.007574,0.366182,0.0289291,-0.0576441,-0.997866,0.0101441
1407270144.7101457119,0.0013993,0.00732933,0.366274,0.0283379,-0.0564183,-0.99795,0.0104851
1407270144.7535634041,0.0013483,0.00742563,0.366247,0.0285864,-0.0568645,-0.997921,0.0101446
1407270144.7838594913,0.00146606,0.0071968,0.366305,0.0279941,-0.0556391,-0.998003,0.0104857
1407270144.8261938095,0.00141252,0.00730172,0.366311,0.0282999,-0.056247,-0.997961,0.0104852
1407270144.8839504719,0.00120855,0.00764755,0.366279,0.0292569,-0.0580504,-0.997837,0.00980358
1407270144.9174098969,0.00126671,0.00752995,0.366196,0.0290094,-0.0574132,-0.997877,0.0101442
1407270144.9538960457,0.00120997,0.0076191,0.366199,0.0292396,-0.0578686,-0.997844,0.0101438
1407270144.9864983559,0.00142383,0.00726406,0.366197,0.0283191,-0.0560468,-0.997975,0.0101452
1407270145.0516121387,0.00131542,0.00744552,0.366213,0.0287793,-0.0569578,-0.99791,0.0101445
1407270145.1001191139,0.00116654,0.00772048,0.366165,0.0295464,-0.0584758,-0.9978,0.0101434
1407270145.1239087582,0.00112223,0.00779327,0.366126,0.0297765,-0.0589312,-0.997766,0.010143
1407270145.1674792767,0.00121031,0.00761658,0.36619,0.0293163,-0.0580204,-0.997833,0.0101437
1407270145.2225110531,0.00120723,0.0076184,0.366193,0.029336,-0.0580104,-0.99783,0.0104839
1407270145.2682666779,0.00119887,0.00760647,0.366145,0.0294151,-0.0579704,-0.99783,0.0104839
1407270145.3056075573,0.00144034,0.00714979,0.366309,0.0281836,-0.0555434,-0.998003,0.0104857
1407270145.3518843651,0.00135436,0.00732989,0.36626,0.0286455,-0.0564536,-0.997939,0.010485
1407270145.3885316849,0.00116274,0.00767168,0.366194,0.0296088,-0.0582536,-0.997814,0.00980336
1407270145.4330205917,0.00104991,0.00783662,0.366152,0.0301316,-0.0591324,-0.997744,0.0101428
1407270145.4666495323,0.0011405,0.00765782,0.366154,0.0296683,-0.0582232,-0.997811,0.0101435
1407270145.5089421272,0.0013293,0.00731413,0.36623,0.0287416,-0.0564047,-0.997943,0.0101448
1407270145.5497612953,0.00131805,0.00731434,0.366288,0.0287705,-0.05639,-0.997941,0.0103149
1407270145.5888347626,0.00140913,0.00714038,0.366342,0.0283444,-0.0554615,-0.998005,0.0103156
1407270145.6270225048,0.00121476,0.00748542,0.366254,0.0292733,-0.0572791,-0.997876,0.0103143
1407270145.6665158272,0.00109828,0.00771431,0.366163,0.0298925,-0.0584907,-0.997787,0.0103133
1407270145.7046036720,0.000815987,0.00806282,0.366157,0.0311723,-0.0608923,-0.997611,0.00963131
1407270145.7631492615,0.000708105,0.008289,0.366048,0.0316793,-0.0617789,-0.99754,0.00963063
1407270145.8161966801,0.000796408,0.00802344,0.366037,0.0312649,-0.0604622,-0.997627,0.0103117
1407270145.8578910828,0.000792936,0.00806155,0.366075,0.0312855,-0.0604515,-0.997631,0.00997161
1407270145.8989284039,0.00099352,0.00775707,0.366079,0.0303476,-0.0586392,-0.997768,0.00997298
1407270145.9376597404,0.000953725,0.00781626,0.366086,0.0306123,-0.0590766,-0.997732,0.0101427
1407270145.9793281555,0.00094295,0.00783853,0.366101,0.0306905,-0.0592276,-0.997721,0.0101426
1407270146.0220448971,0.000867525,0.00797031,0.366104,0.0310035,-0.0598316,-0.997675,0.0101421
1407270146.0749669075,0.000995959,0.00773921,0.36612,0.0303776,-0.0586236,-0.997766,0.010143
1407270146.1228344440,0.00109577,0.00757363,0.36621,0.0299081,-0.0577176,-0.997833,0.0101437
1407270146.1590187550,0.00108502,0.00758177,0.36622,0.0299081,-0.0577176,-0.997833,0.0101437
1407270146.1919536591,0.00106981,0.00759946,0.366191,0.0299962,-0.0578635,-0.99782,0.0103137
1407270146.2308027744,0.00123904,0.00731676,0.366239,0.0292134,-0.0563534,-0.99793,0.0103148
1407270146.2821741104,0.0010602,0.00761116,0.366239,0.0300159,-0.0578533,-0.997824,0.00997354
1407270146.3254578114,0.000900826,0.00788655,0.366138,0.0307991,-0.0593629,-0.997711,0.00997242
1407270146.3674216270,0.000897085,0.00785396,0.366081,0.03088,-0.0593208,-0.997711,0.00997242
1407270146.4081387520,0.00108417,0.00750614,0.366138,0.0299769,-0.0574901,-0.997839,0.0106541
1407270146.4447224140,0.00121749,0.0072822,0.366238,0.0293669,-0.0562736,-0.99793,0.0103148
1407270146.4872789383,0.0008019,0.00797656,0.366178,0.0313166,-0.0598603,-0.997666,0.00997196
1407270146.5339605808,0.000998782,0.00761743,0.366175,0.0303904,-0.0580417,-0.997798,0.0103135
1407270146.5795741081,0.000801073,0.00796771,0.366086,0.0313574,-0.0598389,-0.997666,0.00997196
1407270146.6050558090,0.00105704,0.00748804,0.36612,0.0301336,-0.0574082,-0.997839,0.0106541
1407270146.6536674500,0.00124907,0.00715254,0.366275,0.0291849,-0.0556009,-0.99797,0.0106555
1407270146.6969459057,0.00118013,0.00727091,0.366267,0.0295203,-0.0561933,-0.99793,0.0103148
1407270146.7301166058,0.00101202,0.00756299,0.366213,0.0303113,-0.057699,-0.99782,0.0103137
1407270146.7595894337,0.000915133,0.00772697,0.366125,0.0307859,-0.0586024,-0.997753,0.010313
1407270146.7948403358,0.000939044,0.00769866,0.366098,0.0307068,-0.0584519,-0.997765,0.0103131
1407270146.8364958763,0.000957775,0.00765885,0.366073,0.0306476,-0.0582909,-0.997776,0.0103132
1407270146.8828122616,0.00111367,0.00737595,0.366225,0.0298561,-0.0567854,-0.997887,0.0103144
1407270146.9228954315,0.000913393,0.00772706,0.36612,0.0308059,-0.0585919,-0.997753,0.010313
1407270146.9622232914,0.000979916,0.00760458,0.366169,0.0304893,-0.0579898,-0.997798,0.0103135
1407270147.0021131039,0.0010851,0.0074345,0.366179,0.0300144,-0.0570865,-0.997865,0.0103141
1407270147.0382578373,0.00105763,0.00749445,0.366163,0.0301727,-0.0573876,-0.997843,0.0103139
1407270147.0861732960,0.00111652,0.0073804,0.366191,0.0298561,-0.0567854,-0.997887,0.0103144
1407270147.1077277660,0.0011435,0.00732921,0.366256,0.0296978,-0.0564843,-0.997908,0.0103146
1407270147.1549391747,0.00107743,0.00743894,0.366219,0.0300144,-0.0570865,-0.997865,0.0103141
1407270147.2049088478,0.000983301,0.00760945,0.366135,0.0304893,-0.0579898,-0.997798,0.0103135
1407270147.2399818897,0.00107387,0.00743723,0.366209,0.0300144,-0.0570865,-0.997865,0.0103141
1407270147.2830288410,0.00111043,0.00738114,0.366173,0.0298561,-0.0567854,-0.997887,0.0103144
1407270147.3264286518,0.00107379,0.00746939,0.366169,0.0300935,-0.0572371,-0.997854,0.010314
1407270147.3749005795,0.00116041,0.00729737,0.366237,0.0296186,-0.0563338,-0.997919,0.0103147
1407270147.4246518612,0.00102371,0.00753098,0.36624,0.0302518,-0.0575382,-0.997832,0.0103138
1407270147.4598155022,0.00105144,0.00749529,0.366161,0.0301727,-0.0573876,-0.997843,0.0103139
1407270147.4922857285,0.00106152,0.00746651,0.366174,0.0301033,-0.0572319,-0.997852,0.0104841
1407270147.5314350128,0.00104228,0.00749015,0.36618,0.0302118,-0.057367,-0.997843,0.0103139
1407270147.5650131702,0.00113617,0.00731955,0.366221,0.0297363,-0.0564641,-0.997908,0.0103146
1407270147.5973675251,0.00100572,0.0075592,0.366193,0.0303703,-0.057668,-0.99782,0.0103137
1407270147.6431479454,0.00104415,0.00749368,0.366143,0.0302216,-0.0573619,-0.997841,0.010484
1407270147.6801807880,0.000851442,0.00776972,0.366107,0.0311146,-0.0588136,-0.997732,0.0101427
1407270147.7141103745,0.00097758,0.00753287,0.366146,0.030498,-0.0576006,-0.997819,0.0104838
1407270147.7468004227,0.000945369,0.00758841,0.366142,0.0306769,-0.0578907,-0.9978,0.0101434
1407270147.7919425964,0.000930274,0.0076184,0.366122,0.0307566,-0.058041,-0.997789,0.0101433
1407270147.8307564259,0.000796859,0.00784718,0.366096,0.0313936,-0.0592432,-0.997698,0.0101424
1407270147.8648159504,0.00112356,0.00726642,0.366168,0.0298775,-0.0561969,-0.997921,0.0101446
1407270147.9064872265,0.000772264,0.00783515,0.366148,0.0315147,-0.0591789,-0.997698,0.0101424
1407270147.9487733841,0.000881406,0.00765816,0.366091,0.0310351,-0.0582782,-0.997766,0.010143
1407270147.9872465134,0.000750049,0.00789065,0.36606,0.0316746,-0.0594791,-0.997675,0.0101421
1407270148.0176236629,0.000916414,0.00760027,0.366114,0.0308752,-0.057978,-0.997789,0.0101433
1407270148.0487103462,0.00100697,0.00742973,0.366157,0.030415,-0.0570669,-0.997852,0.0104841
1407270148.1104049683,0.000990794,0.00742182,0.366162,0.0304928,-0.0570254,-0.997852,0.0104841
1407270148.1467769146,0.000970793,0.00742192,0.366228,0.0305511,-0.0569942,-0.997855,0.0101439
1407270148.1836490631,0.000914283,0.00750019,0.366213,0.0308019,-0.0574386,-0.99782,0.0103137
1407270148.2235937119,0.0011277,0.0071567,0.366243,0.0298373,-0.0556399,-0.997952,0.010315
1407270148.2603626251,0.000923424,0.00750765,0.366201,0.0308019,-0.0574386,-0.99782,0.0103137
1407270148.3081157207,0.00105802,0.00727565,0.366217,0.0301589,-0.0562395,-0.997908,0.0103146
1407270148.3515055180,0.000858577,0.00762285,0.366147,0.0311234,-0.0580382,-0.997776,0.0103132
1407270148.3910148144,0.00111791,0.00716007,0.366252,0.0298563,-0.0556297,-0.997948,0.0106552
1407270148.4382042885,0.00072077,0.00784375,0.366116,0.031827,-0.0592046,-0.997689,0.00997219
1407270148.4853703976,0.000703362,0.00782259,0.366083,0.0319077,-0.0591612,-0.997689,0.00997219
1407270148.5238664150,0.000794647,0.00764602,0.366123,0.0314432,-0.0582524,-0.997753,0.010313
1407270148.5614984035,0.000813489,0.00762372,0.366123,0.0313624,-0.0581027,-0.997765,0.0103131
1407270148.5957188606,0.000766917,0.00771284,0.366105,0.0316147,-0.0585463,-0.997732,0.0101427
1407270148.6311969757,0.000903705,0.00748413,0.366133,0.0309878,-0.0573386,-0.997819,0.0104838
1407270148.6901452541,0.00108993,0.00714348,0.366227,0.0300174,-0.0555429,-0.99795,0.0104851
1407270148.7331559658,0.000893668,0.00748844,0.366192,0.0309878,-0.0573386,-0.997819,0.0104838
1407270148.7721819878,0.000784923,0.0076505,0.366125,0.0315325,-0.0582041,-0.997755,0.0101429
1407270148.8171527386,0.000979029,0.00729758,0.366176,0.0305987,-0.0563887,-0.997881,0.0108246
1407270148.8584043980,0.000858379,0.00746959,0.366204,0.0311245,-0.0572645,-0.997822,0.0101436
1407270148.8950138092,0.000842688,0.0075027,0.366173,0.0312155,-0.0574086,-0.997809,0.0103136
1407270148.9387276173,0.000793373,0.00761554,0.366069,0.0315405,-0.0580062,-0.997765,0.0103131
1407270148.9811587334,0.000811383,0.00755211,0.366146,0.031378,-0.0577074,-0.997787,0.0103133
1407270149.0141956806,0.000542244,0.00799958,0.366014,0.0327392,-0.0600644,-0.997608,0.00997138
1407270149.0769879818,0.000724924,0.00763667,0.366041,0.0319214,-0.0581858,-0.997745,0.00997276
1407270149.1083540916,0.000642362,0.00775582,0.366088,0.0322486,-0.0587822,-0.9977,0.0099723
1407270149.1781952381,0.000716845,0.00763581,0.366071,0.0319412,-0.0581749,-0.997742,0.0103129
1407270149.2291078568,0.000772242,0.00752216,0.366143,0.0316138,-0.0575786,-0.997787,0.0103133
1407270149.2685761452,0.00060093,0.00780578,0.366078,0.0324524,-0.0590582,-0.997677,0.00997207
1407270149.3041284084,0.000619214,0.00780153,0.366007,0.0324625,-0.0590527,-0.997675,0.0101421
1407270149.3357398510,0.000809527,0.00746965,0.366103,0.0314794,-0.0572643,-0.997811,0.0101435
1407270149.3732025623,0.000712262,0.00763948,0.366077,0.031971,-0.0581586,-0.997744,0.0101428
1407270149.4177327156,0.000876807,0.00728421,0.366163,0.031103,-0.0563065,-0.99787,0.0108245
1407270149.4610080719,0.000772761,0.00745762,0.366141,0.0316354,-0.0571783,-0.997811,0.0101435
1407270149.5015671253,0.000773277,0.00744804,0.36613,0.0316452,-0.0571729,-0.997809,0.0103136
1407270149.5389096737,0.000670362,0.00761969,0.366051,0.0321393,-0.0580657,-0.997742,0.0103129
1407270149.5732991695,0.00064734,0.00764836,0.366095,0.0322415,-0.0582035,-0.997731,0.0103128
1407270149.6274716854,0.00067457,0.00759404,0.366132,0.0320767,-0.0579059,-0.997753,0.010313
1407270149.6641871929,0.000726798,0.00749936,0.366136,0.0318295,-0.0574596,-0.997787,0.0103133
1407270149.6942918301,0.000780617,0.00742492,0.36617,0.0315822,-0.0570133,-0.99782,0.0103137
1407270149.7305331230,0.000679889,0.00758893,0.366104,0.0320767,-0.0579059,-0.997753,0.010313
1407270149.7636165619,0.00070834,0.00756115,0.366082,0.0319943,-0.0577572,-0.997765,0.0103131
1407270149.8064737320,0.000710237,0.00752857,0.36614,0.0319217,-0.057603,-0.997778,0.0101432
1407270149.8474972248,0.000803399,0.00735995,0.366192,0.0314464,-0.0566997,-0.997841,0.010484
1407270149.8993558884,0.000793977,0.00736141,0.366172,0.0315237,-0.0566567,-0.997841,0.010484
1407270149.9367434978,0.000767949,0.00738296,0.366193,0.0316354,-0.0567892,-0.997832,0.0103138
1407270149.9791991711,0.00066778,0.00754859,0.366152,0.032132,-0.0576807,-0.997765,0.0103131
1407270150.0218954086,0.000684936,0.00754859,0.366083,0.032132,-0.0576807,-0.997765,0.0103131
1407270150.0680608749,0.000630063,0.00762774,0.366047,0.03241,-0.0581098,-0.997732,0.0101427
1407270150.1017906666,0.000910909,0.00711086,0.366203,0.0309755,-0.0554044,-0.997928,0.0104849
1407270150.1499583721,0.000693771,0.007456,0.366137,0.0320105,-0.0571642,-0.997796,0.0104835
1407270150.1862447262,0.000676519,0.00747388,0.366154,0.0321131,-0.0573016,-0.997789,0.0101433
1407270150.2186880112,0.00078694,0.00730422,0.366141,0.0316142,-0.0564114,-0.997855,0.0101439
1407270150.2540659904,0.000831969,0.00721923,0.366178,0.0313934,-0.0559502,-0.997887,0.0103144
1407270150.3029949665,0.000505276,0.00764715,0.366157,0.0328839,-0.0582339,-0.997708,0.0103125
1407270150.3410422802,0.00055084,0.00759495,0.366085,0.0327166,-0.0579378,-0.997731,0.0103128
1407270150.3796591759,0.000698876,0.00736741,0.366115,0.0320476,-0.056753,-0.99782,0.0103137
1407270150.4119992256,0.000594428,0.00753839,0.366121,0.0325494,-0.0576416,-0.997753,0.010313
1407270150.4563097954,0.000568338,0.00759182,0.366071,0.0327265,-0.0579322,-0.997732,0.0101427
1407270150.5014295578,0.000777275,0.00725511,0.366129,0.0317227,-0.0561552,-0.997866,0.0101441
1407270150.5553433895,0.000731417,0.00731754,0.366124,0.0319092,-0.0564405,-0.997841,0.010484
1407270150.5983562469,0.000863802,0.00708712,0.366215,0.0312395,-0.055256,-0.997928,0.0104849
1407270150.6309061050,0.000575792,0.00753568,0.366145,0.0326181,-0.0576027,-0.997758,0.00980281
1407270150.6593761444,0.000642336,0.00741305,0.366099,0.0323218,-0.0569887,-0.997796,0.0104835
1407270150.7198917866,0.000679168,0.00735309,0.366131,0.0321636,-0.0566874,-0.99782,0.0103137
1407270150.7692492008,0.000579643,0.00752461,0.366105,0.0326868,-0.0575637,-0.997757,0.00997287
1407270150.8079402447,0.000524402,0.00756608,0.366091,0.0329337,-0.0578147,-0.997734,0.00997264
1407270150.8429784775,0.000513976,0.00756288,0.366127,0.0329632,-0.0577978,-0.997732,0.0101427
1407270150.8830096722,0.000550173,0.00750738,0.366098,0.0328045,-0.0574968,-0.997753,0.010313
1407270150.9297850132,0.0006472,0.00734492,0.36615,0.0322988,-0.0566104,-0.99782,0.0103137
1407270150.9678800106,0.000502643,0.00756702,0.366141,0.0329731,-0.0577922,-0.997731,0.0103128
1407270150.9987447262,0.000461678,0.00760942,0.366087,0.0332208,-0.0580424,-0.997708,0.0103125
1407270151.0483062267,0.000391231,0.00772375,0.366039,0.0335787,-0.0586213,-0.997666,0.00997196
1407270151.0761368275,0.000594202,0.00737808,0.366136,0.0325837,-0.0568394,-0.997798,0.0103135
1407270151.1218392849,0.000735266,0.0071599,0.366173,0.031907,-0.0556589,-0.997887,0.0103144
1407270151.1729955673,0.000522961,0.00750123,0.366123,0.032922,-0.0574296,-0.997753,0.010313
1407270151.2076098919,0.00073657,0.00716121,0.366173,0.031907,-0.0556589,-0.997887,0.0103144
1407270151.2385187149,0.000348377,0.00778174,0.366075,0.0337879,-0.0588934,-0.997642,0.00997173
1407270151.2993936539,0.000324248,0.00781985,0.365966,0.0339672,-0.0591826,-0.997618,0.0101415
1407270151.3400630951,0.000517194,0.0074883,0.366083,0.0329514,-0.0574127,-0.997755,0.0101429
1407270151.3654863834,0.00051583,0.0074928,0.366088,0.032971,-0.0574015,-0.997755,0.0101429
1407270151.3990581036,0.000584893,0.00737439,0.36614,0.0326321,-0.0568116,-0.9978,0.0101434
1407270151.4554591179,0.000599911,0.00734493,0.366106,0.0325764,-0.0566475,-0.997809,0.0103136
1407270151.4820303917,0.000627274,0.00730123,0.36618,0.0324068,-0.0563526,-0.997832,0.0103138
1407270151.5214903355,0.000495841,0.00751956,0.366079,0.0331047,-0.0575208,-0.997745,0.00997276
1407270151.5525524616,0.000650207,0.00722147,0.366141,0.0323136,-0.0560137,-0.997854,0.010314
1407270151.5851833820,0.000542246,0.00739938,0.366146,0.0328236,-0.0568976,-0.997787,0.0103133
1407270151.6276526451,0.000511951,0.00744836,0.366106,0.0330033,-0.0571866,-0.997766,0.010143
1407270151.6780126095,0.000502139,0.00745502,0.366125,0.033013,-0.057181,-0.997765,0.0103131
1407270151.7322258949,0.000481947,0.00750308,0.366074,0.0331929,-0.0574699,-0.997744,0.0101428
1407270151.7881121635,0.000494483,0.00744613,0.366164,0.0330325,-0.0571697,-0.997765,0.0103131
1407270151.8253815174,0.000643425,0.00721906,0.366119,0.0323518,-0.0559916,-0.997854,0.010314
1407270151.8801379204,0.000505693,0.00745464,0.366141,0.0330325,-0.0571697,-0.997765,0.0103131
1407270151.9251475334,0.00050942,0.00744322,0.366094,0.0330325,-0.0571697,-0.997765,0.0103131
1407270151.9829781055,0.000500428,0.00744416,0.366111,0.033052,-0.0571585,-0.997765,0.0103131
1407270152.0205292702,0.000469392,0.00750092,0.366084,0.0332223,-0.0574529,-0.997742,0.0103129
1407270152.0630931854,0.000576753,0.00732686,0.366146,0.0327115,-0.0565696,-0.997809,0.0103136
1407270152.1089253426,0.000588323,0.00730501,0.366172,0.0326263,-0.0564223,-0.99782,0.0103137
1407270152.1685309410,0.000456565,0.00753142,0.366058,0.0333074,-0.0576002,-0.997731,0.0103128
1407270152.2012603283,0.000732257,0.00708203,0.366168,0.0319452,-0.0552444,-0.997908,0.0103146
1407270152.2437090874,0.000574176,0.00731086,0.36621,0.0326263,-0.0564223,-0.99782,0.0103137
1407270152.2752311230,0.000659287,0.00719911,0.366139,0.0322858,-0.0558334,-0.997865,0.0103141
1407270152.2967209816,0.000604097,0.00728718,0.366142,0.0325412,-0.0562751,-0.997832,0.0103138
1407270152.3483266830,0.000650201,0.00719484,0.366205,0.0322858,-0.0558334,-0.997865,0.0103141
1407270152.4064953327,0.000588939,0.00730535,0.366151,0.0326263,-0.0564223,-0.99782,0.0103137
1407270152.4537966251,0.000411557,0.00758317,0.366082,0.0334777,-0.0578946,-0.997708,0.0103125
1407270152.4822363853,0.000453169,0.00752746,0.366027,0.0333369,-0.0575831,-0.997732,0.0101427
1407270152.5118408203,0.000612708,0.00723838,0.366122,0.0325039,-0.0561002,-0.997841,0.010484
1407270152.5447978973,0.000650504,0.00719491,0.366143,0.0323428,-0.0558003,-0.997865,0.0103141
1407270152.5818119049,0.000437954,0.0075229,0.366119,0.0333663,-0.0575661,-0.997731,0.0103128
1407270152.6367049217,0.000481155,0.00745973,0.36609,0.0332055,-0.0572661,-0.997755,0.0101429
1407270152.6635541916,0.000373364,0.00763997,0.366044,0.0337173,-0.0581488,-0.997687,0.0101422
1407270152.7053580284,0.000409171,0.00757429,0.366039,0.0335467,-0.0578546,-0.99771,0.0101425
1407270152.7238993645,0.000511472,0.00740696,0.36606,0.0330349,-0.0569719,-0.997778,0.0101432
1407270152.7587096691,0.000559728,0.00732293,0.366153,0.0328078,-0.0565137,-0.997809,0.0103136
1407270152.7950868607,0.000490356,0.0074393,0.366083,0.0331494,-0.0571021,-0.997765,0.0103131
1407270152.8302328587,0.00045344,0.00748639,0.36606,0.0333202,-0.0573962,-0.997742,0.0103129
1407270152.8755331039,0.000581712,0.00726309,0.366122,0.0326371,-0.0562195,-0.997832,0.0103138
1407270152.9157259464,0.000591657,0.00727474,0.366121,0.0326371,-0.0562195,-0.997832,0.0103138
1407270152.9624838829,0.00051638,0.00738385,0.366119,0.0329786,-0.0568079,-0.997787,0.0103133
1407270152.9912891388,0.000625581,0.00720848,0.366117,0.0324663,-0.0559254,-0.997854,0.010314
1407270153.0156917572,0.000515537,0.00737726,0.366136,0.0329786,-0.0568079,-0.997787,0.0103133
1407270153.0647614002,0.000407812,0.00754254,0.366087,0.0334909,-0.0576904,-0.997719,0.0103126
1407270153.0979356766,0.000511667,0.00737298,0.366128,0.0329786,-0.0568079,-0.997787,0.0103133
1407270153.1376578808,0.000567875,0.00729326,0.366165,0.0327224,-0.0563666,-0.99782,0.0103137
1407270153.1824226379,0.000510637,0.00738134,0.366165,0.0329786,-0.0568079,-0.997787,0.0103133
1407270153.2241759300,0.000685464,0.00710365,0.366175,0.0321247,-0.055337,-0.997898,0.0103145
1407270153.2904293537,0.000780717,0.00693117,0.366266,0.0316494,-0.0544327,-0.997962,0.0103151
1407270153.3494327068,0.000613542,0.00721226,0.366188,0.0325044,-0.0559032,-0.997854,0.010314
1407270153.3979365826,0.000654689,0.00715191,0.366173,0.0323334,-0.0556091,-0.997876,0.0103143
1407270153.4550936222,0.000536936,0.00732294,0.366146,0.0328464,-0.0564913,-0.997809,0.0103136
1407270153.5000419617,0.000552339,0.00731735,0.366112,0.0328464,-0.0564913,-0.997809,0.0103136
1407270153.5396304131,0.000637732,0.00718,0.36616,0.0324189,-0.0557562,-0.997865,0.0103141
1407270153.5874245167,0.000651999,0.00715577,0.366169,0.0323334,-0.0556091,-0.997876,0.0103143
1407270153.6391706467,0.000539484,0.00732101,0.366139,0.0328464,-0.0564913,-0.997809,0.0103136
1407270153.6803326607,0.000532542,0.00734649,0.366117,0.0329318,-0.0566384,-0.997798,0.0103135
1407270153.7330765724,0.000545155,0.00734751,0.36607,0.0329318,-0.0566384,-0.997798,0.0103135
1407270153.7865719795,0.000466801,0.00746222,0.366069,0.0332738,-0.0572265,-0.997753,0.010313
1407270153.8254485130,0.000487489,0.00739808,0.366129,0.0331028,-0.0569324,-0.997776,0.0103132
1407270153.8745472431,0.000596156,0.00723091,0.366163,0.0325899,-0.0560502,-0.997843,0.0103139
1407270153.9160928726,0.000562838,0.00729162,0.36615,0.0327609,-0.0563443,-0.99782,0.0103137
1407270153.9526884556,0.000560439,0.0072939,0.366148,0.0327609,-0.0563443,-0.99782,0.0103137
1407270153.9985401630,0.000459291,0.00746064,0.366135,0.0332738,-0.0572265,-0.997753,0.010313
1407270154.0479614735,0.000479025,0.00743394,0.366089,0.0331883,-0.0570794,-0.997765,0.0103131
1407270154.1097209454,0.000581042,0.00725729,0.366144,0.0326754,-0.0561973,-0.997832,0.0103138
1407270154.1577272415,0.000362823,0.0076024,0.366104,0.0337012,-0.0579616,-0.997697,0.0103124
1407270154.2003591061,0.000394536,0.00756188,0.366045,0.0336256,-0.0578088,-0.99771,0.0101425
1407270154.2451128960,0.000603537,0.00722955,0.366155,0.0325994,-0.0560447,-0.997844,0.0101438
1407270154.3189043999,0.000449233,0.00746231,0.366167,0.0332835,-0.0572208,-0.997755,0.0101429
1407270154.3599696159,0.000356066,0.00762848,0.366044,0.0337966,-0.0581028,-0.997687,0.0101422
1407270154.3937692642,0.000337158,0.00764021,0.366045,0.0339019,-0.0582383,-0.997675,0.0101421
1407270154.4394023418,0.000545474,0.00730802,0.366115,0.0328752,-0.0564745,-0.997811,0.0101435
1407270154.4863214493,0.000589753,0.0072313,0.366159,0.0326472,-0.0560169,-0.997843,0.0103139
1407270154.5211589336,0.000371951,0.00755975,0.366128,0.0336748,-0.0577801,-0.997708,0.0103125
1407270154.5571827888,0.000374324,0.00755524,0.366054,0.0337044,-0.0577629,-0.99771,0.0101425
1407270154.5868127346,0.000359235,0.00758043,0.36604,0.0338098,-0.0578983,-0.997698,0.0101424
1407270154.6274077892,0.000670162,0.00706952,0.366149,0.0322849,-0.0552436,-0.997896,0.0104846
1407270154.6755108833,0.000559167,0.00725013,0.366127,0.0328189,-0.0561136,-0.997833,0.0101437
1407270154.7211420536,0.000543236,0.00724674,0.366159,0.0328285,-0.056108,-0.997832,0.0103138
1407270154.7705676556,0.000327151,0.00757647,0.366133,0.0338591,-0.0578694,-0.997697,0.0103124
1407270154.8146607876,0.000247488,0.0077443,0.365938,0.0343744,-0.0587501,-0.997627,0.0103117
1407270154.8618607521,0.000445424,0.00740098,0.36611,0.0333438,-0.0569887,-0.997765,0.0103131
1407270154.8942959309,0.000503257,0.00732628,0.366118,0.0330862,-0.0565484,-0.997798,0.0103135
1407270154.9313645363,0.000275039,0.00766347,0.366106,0.0341168,-0.0583098,-0.997662,0.010312
1407270154.9706909657,0.000613769,0.00715294,0.366106,0.0325708,-0.0556675,-0.997865,0.0103141
1407270155.0101935863,0.000408112,0.00743379,0.366158,0.0334687,-0.0571127,-0.997753,0.010313
1407270155.0402715206,0.000450514,0.00737576,0.366124,0.0332967,-0.0568193,-0.997776,0.0103132
1407270155.0794906616,0.0004608,0.00737834,0.366098,0.0332967,-0.0568193,-0.997776,0.0103132
1407270155.1222176552,0.0004202,0.00743151,0.366079,0.0334687,-0.0571127,-0.997753,0.010313
1407270155.1540691853,0.00041931,0.00743643,0.366111,0.0334687,-0.0571127,-0.997753,0.010313
1407270155.1892650127,0.000447924,0.00737787,0.366108,0.0332967,-0.0568193,-0.997776,0.0103132
1407270155.2275519371,0.000491185,0.00732243,0.366107,0.0331247,-0.0565258,-0.997798,0.0103135
1407270155.2707798481,0.000386607,0.00748785,0.366096,0.0336602,-0.0573947,-0.997734,0.00997264
1407270155.2989263535,0.000408271,0.00743183,0.366106,0.0335076,-0.0570899,-0.997753,0.010313
1407270155.3201873302,0.000362897,0.00752035,0.36606,0.0337757,-0.0575241,-0.997721,0.0101426
1407270155.3457741737,0.000470539,0.00733827,0.366091,0.033259,-0.0566442,-0.997789,0.0101433
1407270155.3748352528,0.000462003,0.00734268,0.366139,0.0332687,-0.0566385,-0.997787,0.0103133
1407270155.4036402702,0.000570484,0.00717337,0.366167,0.0327518,-0.0557586,-0.997854,0.010314
1407270155.4335625172,0.000358044,0.00751667,0.36607,0.0337855,-0.0575184,-0.997719,0.0103126
1407270155.4846606255,0.000396569,0.0074529,0.366115,0.033623,-0.0572194,-0.997744,0.0101428
1407270155.5199434757,0.000439448,0.00736829,0.366097,0.0333935,-0.0567624,-0.997776,0.0103132
1407270155.5567975044,0.00030758,0.00759506,0.366037,0.0340834,-0.0579351,-0.997685,0.0103123
1407270155.6069760323,0.000524883,0.00725508,0.366089,0.0330485,-0.0561761,-0.99782,0.0103137
1407270155.6423077583,0.000508249,0.00728409,0.366093,0.0331348,-0.0563226,-0.997809,0.0103136
1407270155.6807613373,0.000469248,0.00734332,0.366091,0.0333073,-0.0566158,-0.997787,0.0103133
1407270155.7143976688,0.00038721,0.00744706,0.366109,0.0336522,-0.0572022,-0.997742,0.0103129
1407270155.7666347027,0.000440435,0.00739602,0.366033,0.0334797,-0.056909,-0.997765,0.0103131
1407270155.8153162003,0.000390715,0.00744516,0.366093,0.033662,-0.0571964,-0.997744,0.0101428
1407270155.8487107754,0.000597449,0.00711405,0.366172,0.0326268,-0.0554375,-0.997877,0.0101442
1407270155.8944256306,0.000488,0.00728615,0.366124,0.0331636,-0.0563057,-0.997808,0.0104836
1407270155.9467415810,0.000558499,0.00717394,0.366144,0.0328183,-0.0557195,-0.997852,0.0104841
1407270155.9906811714,0.000330307,0.00750216,0.366121,0.0339128,-0.0574434,-0.997721,0.0101426
1407270156.0318379402,0.000446836,0.0073276,0.366135,0.0333941,-0.0565647,-0.997789,0.0101433
1407270156.0740251541,0.000410941,0.00738727,0.366111,0.033567,-0.0568576,-0.997766,0.010143
1407270156.1117043495,0.000195968,0.00772682,0.366019,0.0346045,-0.0586149,-0.997629,0.0101416
1407270156.1645131111,0.000380262,0.00743059,0.366027,0.0337399,-0.0571505,-0.997744,0.0101428
1407270156.2056038380,0.000547268,0.0071548,0.366127,0.0328943,-0.0556747,-0.997852,0.0104841
1407270156.2468817234,0.000504146,0.00721716,0.366166,0.0330768,-0.0559619,-0.997832,0.0103138
1407270156.2916116714,0.00032784,0.00749213,0.366115,0.0339618,-0.0574145,-0.997723,0.00997253
1407270156.3135130405,0.000435268,0.00731377,0.366071,0.0335001,-0.056502,-0.997787,0.0103133
1407270156.3576190472,0.000387026,0.007373,0.366076,0.0336832,-0.0567888,-0.997766,0.010143
1407270156.4018824100,0.000385916,0.007367,0.366072,0.0337026,-0.0567773,-0.997766,0.010143
1407270156.4281840324,0.000345667,0.00741996,0.366103,0.0338762,-0.0570698,-0.997744,0.0101428
1407270156.4499464035,0.000530384,0.00714426,0.366083,0.033027,-0.055596,-0.997852,0.0104841
1407270156.4846975803,0.000264485,0.00745669,0.366099,0.0342256,-0.0572576,-0.997718,0.0104827
1407270156.5031123161,0.000562364,0.00701896,0.366177,0.0328294,-0.0549218,-0.997896,0.0104846
1407270156.5330007076,0.000270901,0.007462,0.366139,0.0342647,-0.0572342,-0.997724,0.00980247
1407270156.5527281761,0.000373013,0.00728124,0.3661,0.0337789,-0.0563357,-0.997785,0.0104834
1407270156.5762634277,0.000443038,0.00716575,0.366105,0.0334291,-0.0557522,-0.99783,0.0104839
1407270156.5986900330,0.000283328,0.00739527,0.366113,0.0341482,-0.0569075,-0.997744,0.0101428
1407270156.6450626850,0.000399666,0.00722009,0.366085,0.0336422,-0.056021,-0.997808,0.0104836
1407270156.6830570698,0.000277693,0.00739716,0.366141,0.034187,-0.0568842,-0.997744,0.0101428
1407270156.7204983234,0.000240167,0.00747431,0.366021,0.0344498,-0.0573215,-0.99771,0.0101425
1407270156.7589855194,0.000392464,0.00724853,0.366064,0.0337489,-0.0561553,-0.9978,0.0101434
1407270156.7965593338,0.000304029,0.00736197,0.366062,0.0341187,-0.0567268,-0.997752,0.010483
1407270156.8467233181,0.000318315,0.00733043,0.366085,0.0340503,-0.0565695,-0.997766,0.010143
1407270156.8828544617,0.000320158,0.00732884,0.366101,0.03406,-0.0565637,-0.997765,0.0103131
1407270156.9407815933,0.000171586,0.00754718,0.36605,0.0347815,-0.0577173,-0.997677,0.00997207
1407270156.9868180752,0.000275934,0.00737306,0.366047,0.0342742,-0.0568317,-0.997742,0.0103129
1407270157.0222609043,0.000486974,0.00704042,0.36616,0.0332202,-0.055084,-0.997876,0.0103143
1407270157.0599906445,0.000293446,0.00733002,0.366132,0.0340985,-0.0565404,-0.997765,0.0103131
1407270157.0902838707,0.000230305,0.00743598,0.366096,0.0344498,-0.0571229,-0.997719,0.0103126
1407270157.1239352226,0.000215042,0.00745394,0.366045,0.0345669,-0.0572509,-0.99771,0.0101425
1407270157.1733849049,0.000213706,0.00746268,0.366057,0.0345669,-0.0572509,-0.99771,0.0101425
1407270157.2153408527,0.000355308,0.00723037,0.366107,0.0338637,-0.0560862,-0.9978,0.0101434
1407270157.2527844906,0.000169939,0.00751667,0.366043,0.0347427,-0.0575421,-0.997687,0.0101422
1407270157.3010025024,0.000156969,0.00756663,0.365988,0.0349185,-0.0578332,-0.997664,0.010142
1407270157.3539624214,0.000131466,0.00759337,0.365981,0.0350064,-0.0579788,-0.997652,0.0101419
1407270157.3906691074,0.000243168,0.00742691,0.366001,0.034479,-0.0571053,-0.997721,0.0101426
1407270157.4241621494,9.48734e-05,0.00765793,0.365977,0.0351822,-0.0582699,-0.997629,0.0101416
1407270157.4689667225,0.000272567,0.00736462,0.366034,0.034342,-0.0567908,-0.997744,0.0101428
1407270157.5151255131,0.000478686,0.00703945,0.366134,0.0332859,-0.0550443,-0.997877,0.0101442
1407270157.5606431961,0.000408948,0.00712372,0.366178,0.0335783,-0.0554638,-0.997843,0.0103139
1407270157.5920341015,0.000183173,0.0074577,0.366114,0.0346352,-0.0572096,-0.997708,0.0103125
1407270157.6227426529,0.000347016,0.00722924,0.366102,0.0339306,-0.0560458,-0.997798,0.0103135
1407270157.6739072800,0.000352929,0.00723016,0.366081,0.0339306,-0.0560458,-0.997798,0.0103135
1407270157.7297096252,0.000338189,0.00722457,0.366113,0.0339401,-0.05604,-0.997796,0.0104835
1407270157.7596070766,0.000367275,0.00717341,0.366122,0.0337924,-0.0557317,-0.99782,0.0103137
1407270157.7976059914,0.000375226,0.00716828,0.366148,0.0337924,-0.0557317,-0.99782,0.0103137
1407270157.8327362537,0.000254327,0.00733292,0.366104,0.0343215,-0.0566043,-0.997753,0.010313
1407270157.8708488941,0.000380133,0.00717089,0.366105,0.0337924,-0.0557317,-0.99782,0.0103137
1407270157.9156186581,0.000290717,0.00730985,0.366061,0.0342333,-0.0564589,-0.997765,0.0103131
1407270157.9529113770,0.000172576,0.00747528,0.366053,0.0347819,-0.0573196,-0.9977,0.0099723
1407270157.9911854267,0.000279908,0.00730585,0.366052,0.0342718,-0.0564355,-0.997765,0.0103131
1407270158.0306622982,0.000487794,0.00696998,0.366177,0.0332124,-0.054691,-0.997898,0.0103145
1407270158.0694394112,0.000351083,0.00720155,0.366127,0.0339187,-0.0558541,-0.997809,0.0103136
1407270158.1081092358,0.000329723,0.00721848,0.366139,0.034007,-0.0559994,-0.997798,0.0103135
1407270158.1504328251,0.000439846,0.00705928,0.36615,0.0334773,-0.0551272,-0.997865,0.0103141
1407270158.1817913055,0.000399491,0.00711274,0.366158,0.0336539,-0.0554179,-0.997843,0.0103139
1407270158.2097764015,0.000353685,0.00719769,0.366096,0.0339187,-0.0558541,-0.997809,0.0103136
1407270158.2458059788,0.000409055,0.00710971,0.366136,0.0336539,-0.0554179,-0.997843,0.0103139
1407270158.2791509628,0.000440094,0.00705923,0.366148,0.0334773,-0.0551272,-0.997865,0.0103141
1407270158.3154592514,0.000134672,0.00750025,0.366081,0.0349093,-0.0574412,-0.997689,0.00997219
1407270158.3567519188,0.000362955,0.00715417,0.3661,0.0339063,-0.0556625,-0.99782,0.0103137
1407270158.3932127953,0.000248196,0.00732624,0.366024,0.0344372,-0.056534,-0.997753,0.010313
1407270158.4272325039,0.000350558,0.00715703,0.366125,0.0339063,-0.0556625,-0.99782,0.0103137
1407270158.4592914581,0.000271066,0.00727625,0.366116,0.0342603,-0.0562435,-0.997776,0.0103132
1407270158.5015549660,0.000455784,0.00698864,0.366144,0.0333941,-0.0547796,-0.997883,0.0106545
1407270158.5513949394,0.000330127,0.00715559,0.366138,0.0339822,-0.0556162,-0.99782,0.0103137
1407270158.5993678570,0.000283637,0.00723648,0.366135,0.0342482,-0.0560516,-0.997787,0.0103133
1407270158.6330978870,3.29749e-06,0.00766831,0.365985,0.0356669,-0.0583734,-0.997604,0.0103114
1407270158.6659085751,0.000362869,0.00711288,0.36607,0.0338935,-0.0554711,-0.997832,0.0103138
1407270158.7079167366,0.000210182,0.00734466,0.366036,0.0346415,-0.0566085,-0.997742,0.0103129
1407270158.7450923920,0.000320082,0.00717425,0.366067,0.0341089,-0.0557381,-0.997809,0.0103136
1407270158.7809839249,0.000210391,0.00734124,0.366043,0.0346415,-0.0566085,-0.997742,0.0103129
1407270158.8144574165,0.000391752,0.00705815,0.366117,0.0337538,-0.0551578,-0.997854,0.010314
1407270158.8489358425,0.000272546,0.00722793,0.366088,0.0342865,-0.0560283,-0.997787,0.0103133
1407270158.8889079094,0.000411664,0.00700845,0.366115,0.0335949,-0.0548562,-0.997872,0.0106544
1407270158.9259741306,0.000307337,0.00717357,0.366144,0.0341469,-0.0557148,-0.997809,0.0103136
1407270158.9587044716,0.0001897,0.00733838,0.366083,0.0346801,-0.0565849,-0.997742,0.0103129
1407270158.9975035191,0.000204559,0.00732982,0.366059,0.0346898,-0.056579,-0.997744,0.0101428
1407270159.0354819298,0.000305594,0.00716553,0.366132,0.0341564,-0.055709,-0.997811,0.0101435
1407270159.0663831234,0.00027876,0.00718953,0.366127,0.0342548,-0.0558482,-0.997798,0.0103135
